LLaVA-1.5-7B  n_harmful=400 n_harmless=400 n_boot=1000 n_splits=200 n_random=1000 seed=0
cross = cos(v_text, v_image) on full set [95% bootstrap CI]
text_sh / image_sh = split-half self-consistency at n/2; *_full = Spearman-Brown to n
cross_sh = cross-modal cos at n/2 on disjoint halves; disatt = cross_sh / sqrt(text_sh*image_sh)
null95 = 95th pct |cos(v_text, random unit vector)|

layer   cross            95% CI  text_sh text_full image_sh image_full cross_sh  disatt  null95
    0     nan [   nan,    nan]      nan       nan      nan        nan      nan     nan     nan
    1  -0.282 [-0.333, -0.215]    0.986     0.993    0.968      0.984   -0.280  -0.286   0.029
    2  -0.076 [-0.094, -0.054]    0.990     0.995    0.951      0.975   -0.075  -0.077   0.031
    3  -0.020 [-0.040,  0.002]    0.989     0.994    0.947      0.973   -0.020  -0.021   0.030
    4  -0.008 [-0.031,  0.017]    0.988     0.994    0.943      0.971   -0.009  -0.009   0.030
    5   0.123 [ 0.103,  0.142]    0.981     0.990    0.968      0.984    0.120   0.123   0.031
    6   0.131 [ 0.115,  0.146]    0.985     0.992    0.969      0.984    0.128   0.131   0.031
    7   0.144 [ 0.128,  0.157]    0.979     0.990    0.972      0.986    0.142   0.145   0.032
    8   0.119 [ 0.104,  0.131]    0.978     0.989    0.973      0.986    0.117   0.120   0.032
    9   0.092 [ 0.080,  0.103]    0.975     0.987    0.980      0.990    0.091   0.093   0.030
   10   0.131 [ 0.120,  0.139]    0.980     0.990    0.979      0.990    0.129   0.131   0.030
   11   0.106 [ 0.096,  0.113]    0.981     0.990    0.976      0.988    0.104   0.107   0.033
   12   0.143 [ 0.132,  0.151]    0.982     0.991    0.972      0.986    0.141   0.144   0.033
   13   0.131 [ 0.118,  0.142]    0.982     0.991    0.971      0.985    0.129   0.132   0.033
   14   0.128 [ 0.109,  0.145]    0.988     0.994    0.967      0.983    0.127   0.130   0.031
   15   0.163 [ 0.145,  0.176]    0.988     0.994    0.961      0.980    0.160   0.164   0.031
   16   0.234 [ 0.217,  0.247]    0.989     0.995    0.966      0.983    0.231   0.236   0.031
   17   0.271 [ 0.254,  0.283]    0.989     0.995    0.967      0.983    0.267   0.273   0.031
   18   0.293 [ 0.278,  0.303]    0.988     0.994    0.969      0.984    0.289   0.295   0.031
   19   0.318 [ 0.303,  0.329]    0.987     0.994    0.969      0.984    0.313   0.320   0.031
   20   0.322 [ 0.307,  0.333]    0.987     0.993    0.966      0.983    0.317   0.324   0.032
   21   0.337 [ 0.320,  0.348]    0.986     0.993    0.958      0.979    0.330   0.339   0.031
   22   0.341 [ 0.325,  0.352]    0.985     0.993    0.953      0.976    0.332   0.343   0.032
   23   0.374 [ 0.359,  0.385]    0.984     0.992    0.956      0.977    0.365   0.376   0.031
   24   0.373 [ 0.358,  0.384]    0.983     0.991    0.954      0.976    0.363   0.375   0.031
   25   0.385 [ 0.370,  0.396]    0.982     0.991    0.951      0.975    0.374   0.387   0.030
   26   0.378 [ 0.363,  0.389]    0.982     0.991    0.950      0.974    0.367   0.380   0.030
   27   0.376 [ 0.360,  0.386]    0.981     0.991    0.948      0.973    0.365   0.378   0.031
   28   0.363 [ 0.348,  0.374]    0.983     0.991    0.949      0.974    0.352   0.365   0.031
   29   0.381 [ 0.366,  0.391]    0.983     0.991    0.950      0.974    0.370   0.383   0.031
   30   0.381 [ 0.366,  0.391]    0.982     0.991    0.948      0.973    0.370   0.383   0.031
   31   0.395 [ 0.380,  0.405]    0.982     0.991    0.951      0.975    0.383   0.397   0.031
   32   0.449 [ 0.433,  0.462]    0.982     0.991    0.957      0.978    0.438   0.452   0.031
