Qwen2.5-VL-7B  n_harmful=400 n_harmless=400 n_boot=1000 n_splits=200 n_random=1000 seed=0
cross = cos(v_text, v_image) on full set [95% bootstrap CI]
text_sh / image_sh = split-half self-consistency at n/2; *_full = Spearman-Brown to n
cross_sh = cross-modal cos at n/2 on disjoint halves; disatt = cross_sh / sqrt(text_sh*image_sh)
null95 = 95th pct |cos(v_text, random unit vector)|

layer   cross            95% CI  text_sh text_full image_sh image_full cross_sh  disatt  null95
    0     nan [   nan,    nan]      nan       nan      nan        nan      nan     nan     nan
    1   0.226 [ 0.200,  0.249]    0.979     0.989    0.975      0.987    0.222   0.227   0.032
    2   0.150 [ 0.127,  0.174]    0.986     0.993    0.973      0.986    0.147   0.150   0.033
    3   0.334 [ 0.308,  0.358]    0.984     0.992    0.974      0.987    0.327   0.334   0.033
    4   0.313 [ 0.293,  0.333]    0.983     0.992    0.977      0.988    0.307   0.313   0.033
    5   0.394 [ 0.372,  0.414]    0.982     0.991    0.974      0.987    0.386   0.395   0.033
    6   0.381 [ 0.362,  0.398]    0.990     0.995    0.981      0.991    0.376   0.381   0.032
    7   0.385 [ 0.370,  0.398]    0.991     0.995    0.980      0.990    0.380   0.385   0.033
    8   0.371 [ 0.355,  0.385]    0.991     0.995    0.979      0.989    0.365   0.371   0.031
    9   0.356 [ 0.342,  0.368]    0.990     0.995    0.980      0.990    0.350   0.356   0.032
   10   0.273 [ 0.257,  0.289]    0.988     0.994    0.980      0.990    0.268   0.273   0.032
   11   0.285 [ 0.265,  0.304]    0.987     0.993    0.978      0.989    0.279   0.284   0.032
   12   0.344 [ 0.326,  0.362]    0.988     0.994    0.980      0.990    0.339   0.344   0.032
   13   0.426 [ 0.411,  0.440]    0.988     0.994    0.983      0.991    0.421   0.427   0.031
   14   0.676 [ 0.662,  0.687]    0.992     0.996    0.988      0.994    0.670   0.677   0.031
   15   0.730 [ 0.718,  0.739]    0.993     0.996    0.989      0.995    0.724   0.731   0.034
   16   0.781 [ 0.774,  0.787]    0.995     0.998    0.992      0.996    0.777   0.782   0.034
   17   0.801 [ 0.795,  0.806]    0.995     0.998    0.993      0.997    0.797   0.802   0.034
   18   0.788 [ 0.780,  0.795]    0.996     0.998    0.994      0.997    0.784   0.788   0.033
   19   0.861 [ 0.855,  0.866]    0.996     0.998    0.997      0.998    0.858   0.861   0.034
   20   0.905 [ 0.901,  0.908]    0.996     0.998    0.997      0.998    0.902   0.905   0.034
   21   0.928 [ 0.925,  0.931]    0.997     0.998    0.997      0.999    0.926   0.929   0.034
   22   0.936 [ 0.934,  0.938]    0.997     0.998    0.997      0.999    0.934   0.937   0.034
   23   0.941 [ 0.939,  0.942]    0.996     0.998    0.997      0.998    0.938   0.941   0.033
   24   0.946 [ 0.944,  0.947]    0.997     0.998    0.997      0.998    0.943   0.946   0.033
   25   0.952 [ 0.950,  0.953]    0.997     0.998    0.997      0.998    0.949   0.952   0.033
   26   0.952 [ 0.950,  0.953]    0.997     0.998    0.997      0.998    0.949   0.952   0.033
   27   0.950 [ 0.948,  0.951]    0.996     0.998    0.996      0.998    0.946   0.950   0.033
   28   0.949 [ 0.947,  0.951]    0.994     0.997    0.994      0.997    0.944   0.949   0.033
