Qwen2.5-VL-7B  VLSU natural images, one shared prompt: unsafe images (HS+HH, n=398) vs safe images (SS+SH, n=398), near-duplicates removed; last-token states
probe = L2 logistic regression, z-scored features, 5-fold stratified CV, lambda from inner 3-fold CV over [0.0001, 0.001, 0.01, 0.1, 1.0, 10.0]
CI = stratified bootstrap (1000) over out-of-fold scores; null = 20 label shuffles through the same pipeline; p = shuffle p-value
md5 = mean-difference direction + midpoint threshold on the same folds; eo = same on the original even/odd split (old Table 1 number)

[image]
layer          AUROC [95% CI]            acc [95% CI]  null95 AUROC       p  md5 acc  eo acc  lambda
    1  0.877 [0.851, 0.900]  0.809 [0.780, 0.834]         0.539   0.048    0.668   0.736  0.1,0.1,0.1,1,0.1
    2  0.878 [0.851, 0.903]  0.812 [0.783, 0.839]         0.530   0.048    0.683   0.724  1,0.1,0.1,0.1,1
    3  0.882 [0.857, 0.904]  0.809 [0.781, 0.835]         0.533   0.048    0.696   0.736  1,1,0.1,0.1,1
    4  0.890 [0.866, 0.912]  0.824 [0.796, 0.849]         0.535   0.048    0.720   0.729  1,1,1,1,1
    5  0.881 [0.856, 0.904]  0.815 [0.788, 0.842]         0.546   0.048    0.705   0.734  1,0.1,1,1,0.1
    6  0.886 [0.860, 0.907]  0.832 [0.805, 0.856]         0.555   0.048    0.675   0.698  1,1,1,1,1
    7  0.895 [0.871, 0.918]  0.824 [0.796, 0.852]         0.537   0.048    0.676   0.696  1,1,1,1,1
    8  0.890 [0.869, 0.914]  0.822 [0.796, 0.849]         0.540   0.048    0.656   0.693  1,1,1,1,1
    9  0.893 [0.871, 0.914]  0.825 [0.799, 0.849]         0.533   0.048    0.668   0.666  1,1,1,1,1
   10  0.889 [0.866, 0.912]  0.823 [0.796, 0.849]         0.525   0.048    0.704   0.683  1,1,1,1,1
   11  0.903 [0.879, 0.925]  0.830 [0.802, 0.857]         0.537   0.048    0.722   0.701  1,1,1,1,1
   12  0.903 [0.882, 0.924]  0.843 [0.818, 0.868]         0.536   0.048    0.706   0.701  1,1,1,1,1
   13  0.902 [0.880, 0.925]  0.830 [0.804, 0.856]         0.549   0.048    0.678   0.686  1,1,1,1,1
   14  0.921 [0.902, 0.940]  0.854 [0.829, 0.881]         0.533   0.048    0.725   0.734  1,1,1,1,1
   15  0.924 [0.904, 0.941]  0.856 [0.832, 0.879]         0.534   0.048    0.751   0.736  1,1,1,1,1
   16  0.924 [0.906, 0.942]  0.866 [0.844, 0.888]         0.523   0.048    0.795   0.774  10,1,1,1,10
   17  0.930 [0.910, 0.947]  0.873 [0.852, 0.896]         0.518   0.048    0.820   0.812  1,1,10,1,10
   18  0.934 [0.916, 0.950]  0.863 [0.839, 0.886]         0.532   0.048    0.833   0.857  10,1,1,1,10
   19  0.944 [0.928, 0.959]  0.881 [0.856, 0.903]         0.548   0.048    0.837   0.814  1,1,1,1,10
   20  0.949 [0.934, 0.963]  0.887 [0.866, 0.910]         0.522   0.048    0.840   0.837  1,1,10,1,1
   21  0.945 [0.930, 0.960]  0.866 [0.840, 0.888]         0.552   0.048    0.845   0.842  10,1,1,1,10
   22  0.950 [0.935, 0.964]  0.886 [0.864, 0.908]         0.526   0.048    0.851   0.847  1,1,1,1,1
   23  0.948 [0.932, 0.962]  0.879 [0.856, 0.902]         0.541   0.048    0.847   0.844  1,1,1,0.1,1
   24  0.951 [0.937, 0.963]  0.884 [0.862, 0.907]         0.533   0.048    0.839   0.842  1,1,1,1,1
   25  0.954 [0.939, 0.968]  0.886 [0.864, 0.907]         0.537   0.048    0.838   0.834  1,1,1,1,1
   26  0.954 [0.939, 0.968]  0.888 [0.866, 0.911]         0.545   0.048    0.833   0.827  1,1,1,1,1
   27  0.955 [0.941, 0.967]  0.892 [0.871, 0.913]         0.537   0.048    0.835   0.827  1,1,1,1,1
   28  0.955 [0.941, 0.967]  0.891 [0.869, 0.912]         0.529   0.048    0.856   0.847  1,1,1,1,1
