Qwen2.5-VL-7B  VLSU natural images, one shared prompt
unsafe images (HS+HH) n=398  vs  safe images (SS+SH) n=398  (dropped: 3 blank images, 1 near-duplicates with CLIP CLS cosine > 0.95; no exact duplicates)
AUROC [95% CI], stratified bootstrap over images

1. CLIP baseline (LLaVA's frozen ViT-L/14-336, 5-fold CV logistic regression)
   CLS embedding              0.951 [0.936, 0.964]   acc 0.897
   layer -2 patch mean        0.932 [0.914, 0.948]   acc 0.868
2. Final-token probe (linear_probe.py --dataset vlsu)
   peak (layer 28)            0.955 [0.941, 0.967]   acc 0.891
   last layer (28)            0.955 [0.941, 0.967]   acc 0.891
   shuffle null 95th pct      0.555 (max over layers)
3. Projection onto text refusal direction v_text (no training)
   best layer (20)           0.874 [0.850, 0.898]
   last layer (28)            0.843 [0.815, 0.869]
   random-direction null      0.844 (95th pct of max(AUROC, 1-AUROC) over 200 random unit directions; max over layers)

Per layer: probe AUROC | projection AUROC | share of unsafe / safe images past the text threshold |
image class gap along v_text as a fraction of the text class gap | mean unsafe / safe image position
(0 = harmless-text mean, 1 = harmful-text mean) | projection random-direction null (95th pct) |
cosine between v_text and the VLSU image class-mean difference (unsafe - safe images)
layer                   probe              projection  unsafe>thr  safe>thr  gap frac  unsafe pos  safe pos  rand null  cos(v_text, v_img)
    1    0.877 [0.851, 0.900]    0.439 [0.400, 0.479]       0.000     0.000    -0.022       -0.31     -0.29      0.630              -0.063
    2    0.878 [0.851, 0.903]    0.449 [0.408, 0.490]       0.000     0.000    -0.019       -0.66     -0.64      0.624              -0.068
    3    0.882 [0.857, 0.904]    0.490 [0.450, 0.531]       0.000     0.000    -0.003       -0.47     -0.46      0.655              -0.013
    4    0.890 [0.866, 0.912]    0.440 [0.400, 0.478]       0.000     0.000    -0.019        0.07      0.09      0.636              -0.071
    5    0.881 [0.856, 0.904]    0.471 [0.434, 0.512]       0.000     0.000    -0.012        0.10      0.12      0.643              -0.053
    6    0.886 [0.860, 0.907]    0.493 [0.455, 0.533]       0.000     0.000    -0.000        0.24      0.24      0.629              -0.001
    7    0.895 [0.871, 0.918]    0.502 [0.460, 0.542]       0.000     0.000     0.001        0.23      0.23      0.627               0.006
    8    0.890 [0.869, 0.914]    0.532 [0.494, 0.574]       0.000     0.000     0.005        0.22      0.22      0.624               0.036
    9    0.893 [0.871, 0.914]    0.557 [0.518, 0.595]       0.000     0.000     0.008        0.21      0.20      0.619               0.050
   10    0.889 [0.866, 0.912]    0.526 [0.485, 0.564]       0.000     0.000     0.003        0.23      0.23      0.622               0.020
   11    0.903 [0.879, 0.925]    0.533 [0.493, 0.572]       0.000     0.000     0.005        0.06      0.05      0.624               0.029
   12    0.903 [0.882, 0.924]    0.499 [0.459, 0.542]       0.000     0.000    -0.002        0.22      0.22      0.620              -0.011
   13    0.902 [0.880, 0.925]    0.557 [0.517, 0.598]       0.000     0.000     0.008        0.08      0.07      0.621               0.054
   14    0.921 [0.902, 0.940]    0.625 [0.586, 0.663]       0.000     0.000     0.020        0.03      0.01      0.622               0.184
   15    0.924 [0.904, 0.941]    0.763 [0.732, 0.794]       0.000     0.000     0.028        0.17      0.14      0.653               0.264
   16    0.924 [0.906, 0.942]    0.830 [0.801, 0.858]       0.000     0.000     0.035        0.13      0.09      0.668               0.367
   17    0.930 [0.910, 0.947]    0.807 [0.778, 0.837]       0.000     0.000     0.036        0.19      0.15      0.684               0.385
   18    0.934 [0.916, 0.950]    0.781 [0.751, 0.815]       0.000     0.000     0.042        0.19      0.15      0.692               0.383
   19    0.944 [0.928, 0.959]    0.853 [0.827, 0.878]       0.038     0.000     0.114        0.31      0.20      0.785               0.565
   20    0.949 [0.934, 0.963]    0.874 [0.850, 0.898]       0.156     0.005     0.153        0.37      0.22      0.824               0.620
   21    0.945 [0.930, 0.960]    0.862 [0.837, 0.887]       0.191     0.005     0.156        0.39      0.23      0.830               0.634
   22    0.950 [0.935, 0.964]    0.865 [0.840, 0.890]       0.161     0.003     0.152        0.38      0.22      0.838               0.616
   23    0.948 [0.932, 0.962]    0.871 [0.847, 0.896]       0.108     0.000     0.148        0.36      0.21      0.844               0.613
   24    0.951 [0.937, 0.963]    0.857 [0.831, 0.881]       0.168     0.003     0.145        0.39      0.25      0.827               0.622
   25    0.954 [0.939, 0.968]    0.849 [0.822, 0.873]       0.095     0.000     0.144        0.35      0.21      0.839               0.628
   26    0.954 [0.939, 0.968]    0.843 [0.817, 0.871]       0.038     0.000     0.133        0.33      0.20      0.817               0.620
   27    0.955 [0.941, 0.967]    0.844 [0.817, 0.869]       0.013     0.000     0.128        0.30      0.17      0.818               0.589
   28    0.955 [0.941, 0.967]    0.843 [0.815, 0.869]       0.266     0.010     0.129        0.44      0.31      0.805               0.472
