LLaVA-1.5-7B  dataset2 prompts 0-399 (n=400 per class)  last-token states
probe = L2 logistic regression, z-scored features, 5-fold stratified CV, lambda from inner 3-fold CV over [0.0001, 0.001, 0.01, 0.1, 1.0, 10.0]
CI = stratified bootstrap (1000) over out-of-fold scores; null = 100 label shuffles through the same pipeline; p = shuffle p-value
md5 = mean-difference direction + midpoint threshold on the same folds; eo = same on the original even/odd split (old Table 1 number)

[text]
layer          AUROC [95% CI]            acc [95% CI]  null95 AUROC       p  md5 acc  eo acc  lambda
    1  0.999 [0.997, 1.000]  0.985 [0.976, 0.993]         0.541   0.010    0.936   0.922  0.1,0.1,0.1,0.1,0.1
    2  1.000 [0.999, 1.000]  0.987 [0.980, 0.995]         0.540   0.010    0.930   0.922  0.01,0.01,0.1,0.1,0.1
    3  1.000 [1.000, 1.000]  0.991 [0.984, 0.998]         0.540   0.010    0.929   0.922  0.1,0.1,0.1,0.1,0.1
    4  1.000 [1.000, 1.000]  0.994 [0.988, 0.999]         0.541   0.010    0.940   0.930  0.1,0.01,0.1,0.01,0.1
    5  1.000 [1.000, 1.000]  0.993 [0.986, 0.998]         0.547   0.010    0.970   0.973  0.001,0.001,0.01,0.001,0.01
    6  0.998 [0.995, 1.000]  0.995 [0.990, 0.999]         0.539   0.010    0.979   0.970  10,0.001,0.0001,0.0001,0.0001
    7  1.000 [1.000, 1.000]  0.996 [0.991, 1.000]         0.550   0.010    0.938   0.970  0.01,0.01,0.01,0.01,0.01
    8  1.000 [1.000, 1.000]  0.995 [0.990, 0.999]         0.538   0.010    0.943   0.978  0.01,0.01,0.01,0.01,0.01
    9  1.000 [1.000, 1.000]  0.999 [0.996, 1.000]         0.534   0.010    0.953   0.975  0.01,0.001,0.001,0.01,0.001
   10  1.000 [0.999, 1.000]  0.999 [0.996, 1.000]         0.539   0.010    0.959   0.975  0.01,0.01,0.001,0.01,0.01
   11  1.000 [1.000, 1.000]  0.999 [0.996, 1.000]         0.544   0.010    0.978   0.983  0.01,0.01,0.001,0.001,0.001
   12  1.000 [1.000, 1.000]  0.999 [0.996, 1.000]         0.545   0.010    0.980   0.978  0.001,0.001,0.001,0.001,0.1
   13  1.000 [1.000, 1.000]  0.999 [0.996, 1.000]         0.535   0.010    0.976   0.978  0.001,0.001,0.001,0.0001,0.001
   14  0.999 [0.995, 1.000]  0.996 [0.991, 1.000]         0.538   0.010    0.983   0.975  0.01,0.01,0.0001,0.01,0.0001
   15  0.997 [0.992, 1.000]  0.998 [0.994, 1.000]         0.542   0.010    0.979   0.973  0.0001,0.0001,1,0.01,0.01
   16  1.000 [1.000, 1.000]  0.998 [0.994, 1.000]         0.546   0.010    0.979   0.963  0.01,0.01,0.0001,0.001,0.1
   17  0.998 [0.994, 1.000]  0.998 [0.994, 1.000]         0.526   0.010    0.978   0.963  0.01,0.0001,0.01,0.01,10
   18  0.998 [0.995, 1.000]  0.998 [0.994, 1.000]         0.539   0.010    0.978   0.965  0.0001,0.0001,0.01,1,0.0001
   19  0.998 [0.994, 1.000]  0.998 [0.994, 1.000]         0.544   0.010    0.980   0.970  0.01,0.0001,0.01,0.01,0.01
   20  0.998 [0.994, 1.000]  0.998 [0.994, 1.000]         0.541   0.010    0.979   0.970  0.01,0.0001,0.1,0.001,0.001
   21  0.998 [0.994, 1.000]  0.998 [0.994, 1.000]         0.542   0.010    0.979   0.970  0.01,0.0001,0.01,0.01,0.01
   22  0.998 [0.994, 1.000]  0.998 [0.994, 1.000]         0.540   0.010    0.979   0.970  0.01,0.0001,0.001,0.001,0.001
   23  0.998 [0.992, 1.000]  0.998 [0.994, 1.000]         0.546   0.010    0.980   0.970  0.001,0.0001,0.001,0.001,0.01
   24  0.998 [0.994, 1.000]  0.999 [0.996, 1.000]         0.549   0.010    0.983   0.973  0.001,0.0001,0.001,0.001,0.001
   25  0.998 [0.994, 1.000]  0.999 [0.996, 1.000]         0.535   0.010    0.983   0.978  0.01,0.0001,0.001,0.01,0.01
   26  0.998 [0.994, 1.000]  0.999 [0.996, 1.000]         0.543   0.010    0.983   0.978  0.001,0.0001,0.01,0.001,0.01
   27  0.998 [0.994, 1.000]  0.998 [0.994, 1.000]         0.537   0.010    0.984   0.978  0.001,0.0001,0.001,0.01,0.01
   28  0.998 [0.995, 1.000]  0.998 [0.994, 1.000]         0.545   0.010    0.984   0.978  0.001,0.0001,0.01,0.0001,0.01
   29  0.998 [0.994, 1.000]  0.999 [0.996, 1.000]         0.538   0.010    0.984   0.978  0.001,0.0001,0.001,0.001,0.001
   30  0.999 [0.997, 1.000]  0.998 [0.994, 1.000]         0.540   0.010    0.984   0.975  0.001,0.0001,0.001,0.001,0.001
   31  0.999 [0.996, 1.000]  0.999 [0.996, 1.000]         0.536   0.010    0.984   0.978  0.001,0.0001,0.001,0.001,0.001
   32  0.998 [0.992, 1.000]  0.999 [0.995, 1.000]         0.537   0.010    0.983   0.975  0.001,0.0001,0.001,0.001,0.001

[image]
layer          AUROC [95% CI]            acc [95% CI]  null95 AUROC       p  md5 acc  eo acc  lambda
    1  0.992 [0.986, 0.996]  0.967 [0.954, 0.979]         0.539   0.010    0.642   0.675  0.1,0.1,0.1,0.1,0.1
    2  0.997 [0.993, 0.999]  0.980 [0.969, 0.989]         0.543   0.010    0.781   0.823  0.1,0.1,0.01,0.01,0.01
    3  0.996 [0.992, 0.999]  0.982 [0.973, 0.991]         0.537   0.010    0.806   0.828  0.01,0.1,0.01,0.01,0.01
    4  0.997 [0.992, 0.999]  0.977 [0.966, 0.988]         0.550   0.010    0.834   0.858  0.01,0.001,0.01,0.01,0.001
    5  0.996 [0.990, 0.999]  0.971 [0.959, 0.981]         0.545   0.010    0.925   0.927  0.1,0.1,0.1,0.1,0.01
    6  0.998 [0.996, 0.999]  0.972 [0.960, 0.984]         0.540   0.010    0.934   0.930  0.01,0.01,0.01,0.01,0.01
    7  0.996 [0.992, 0.999]  0.967 [0.955, 0.980]         0.551   0.010    0.943   0.932  0.1,0.01,0.01,0.01,1
    8  0.998 [0.996, 0.999]  0.977 [0.968, 0.988]         0.539   0.010    0.938   0.930  0.1,0.01,0.1,0.01,0.01
    9  0.998 [0.997, 0.999]  0.985 [0.976, 0.993]         0.544   0.010    0.932   0.917  0.01,0.1,0.1,0.1,0.1
   10  0.997 [0.994, 0.999]  0.982 [0.973, 0.991]         0.536   0.010    0.893   0.885  0.1,0.1,0.01,0.1,0.01
   11  0.999 [0.997, 1.000]  0.985 [0.976, 0.993]         0.548   0.010    0.885   0.883  0.1,0.01,0.01,0.01,0.01
   12  0.999 [0.997, 1.000]  0.989 [0.981, 0.996]         0.548   0.010    0.925   0.920  0.01,0.01,0.01,0.01,0.001
   13  0.999 [0.998, 1.000]  0.986 [0.978, 0.994]         0.539   0.010    0.920   0.922  0.01,0.01,0.01,0.1,0.01
   14  0.999 [0.998, 1.000]  0.982 [0.973, 0.990]         0.541   0.010    0.916   0.917  0.01,0.01,1,0.01,0.1
   15  0.999 [0.999, 1.000]  0.984 [0.975, 0.991]         0.544   0.010    0.921   0.900  0.1,0.01,0.01,0.001,0.01
   16  0.999 [0.999, 1.000]  0.986 [0.978, 0.994]         0.550   0.010    0.890   0.878  0.1,0.01,0.001,0.1,0.1
   17  1.000 [0.999, 1.000]  0.990 [0.983, 0.996]         0.543   0.010    0.909   0.905  0.1,0.1,1,0.001,0.01
   18  1.000 [0.999, 1.000]  0.991 [0.985, 0.998]         0.541   0.010    0.920   0.912  0.1,0.0001,0.001,0.01,0.01
   19  1.000 [0.999, 1.000]  0.990 [0.983, 0.996]         0.541   0.010    0.926   0.935  0.0001,0.01,0.001,0.001,0.01
   20  1.000 [0.999, 1.000]  0.993 [0.986, 0.998]         0.535   0.010    0.934   0.938  0.001,0.01,0.01,0.001,0.001
   21  0.999 [0.998, 1.000]  0.994 [0.988, 0.999]         0.544   0.010    0.915   0.935  1,0.0001,0.0001,0.001,0.0001
   22  1.000 [0.999, 1.000]  0.995 [0.990, 1.000]         0.540   0.010    0.920   0.945  0.01,0.01,0.0001,0.0001,0.0001
   23  1.000 [0.999, 1.000]  0.995 [0.990, 0.999]         0.532   0.010    0.948   0.965  0.0001,0.01,0.0001,0.0001,0.0001
   24  1.000 [0.999, 1.000]  0.996 [0.991, 1.000]         0.543   0.010    0.953   0.963  0.0001,0.001,0.0001,0.0001,0.001
   25  1.000 [1.000, 1.000]  0.996 [0.992, 1.000]         0.542   0.010    0.943   0.958  0.0001,0.0001,0.001,0.0001,0.0001
   26  1.000 [1.000, 1.000]  0.996 [0.993, 1.000]         0.538   0.010    0.943   0.958  0.001,0.001,0.0001,0.0001,0.0001
   27  1.000 [0.999, 1.000]  0.994 [0.988, 0.999]         0.533   0.010    0.945   0.963  0.001,0.0001,0.001,0.0001,0.01
   28  1.000 [1.000, 1.000]  0.995 [0.990, 0.999]         0.551   0.010    0.943   0.963  0.0001,0.001,0.0001,0.0001,0.0001
   29  1.000 [0.999, 1.000]  0.993 [0.986, 0.998]         0.545   0.010    0.951   0.958  0.0001,0.001,0.0001,0.0001,0.0001
   30  1.000 [0.999, 1.000]  0.993 [0.986, 0.998]         0.533   0.010    0.935   0.958  0.0001,0.0001,0.0001,0.0001,0.0001
   31  1.000 [0.999, 1.000]  0.994 [0.988, 0.999]         0.538   0.010    0.950   0.960  0.0001,0.001,0.0001,0.01,0.0001
   32  0.999 [0.998, 1.000]  0.991 [0.985, 0.998]         0.531   0.010    0.945   0.940  0.001,0.01,0.0001,0.001,0.1
