Qwen2.5-VL-7B  dataset2 prompts 0-399 (n=400 per class)  last-token states
probe = L2 logistic regression, z-scored features, 5-fold stratified CV, lambda from inner 3-fold CV over [0.0001, 0.001, 0.01, 0.1, 1.0, 10.0]
CI = stratified bootstrap (1000) over out-of-fold scores; null = 100 label shuffles through the same pipeline; p = shuffle p-value
md5 = mean-difference direction + midpoint threshold on the same folds; eo = same on the original even/odd split (old Table 1 number)

[text]
layer          AUROC [95% CI]            acc [95% CI]  null95 AUROC       p  md5 acc  eo acc  lambda
    1  0.999 [0.996, 1.000]  0.986 [0.978, 0.994]         0.540   0.010    0.961   0.960  0.01,0.1,0.01,0.1,0.01
    2  0.999 [0.999, 1.000]  0.985 [0.976, 0.993]         0.542   0.010    0.964   0.963  0.01,0.01,0.01,0.01,0.01
    3  1.000 [1.000, 1.000]  0.991 [0.985, 0.998]         0.533   0.010    0.960   0.958  0.01,0.01,0.01,0.01,0.01
    4  1.000 [0.999, 1.000]  0.993 [0.986, 0.998]         0.539   0.010    0.951   0.940  0.01,0.01,0.001,0.01,0.01
    5  1.000 [1.000, 1.000]  0.995 [0.990, 0.999]         0.550   0.010    0.964   0.958  0.01,0.01,0.1,0.01,0.01
    6  1.000 [0.999, 1.000]  0.990 [0.983, 0.996]         0.542   0.010    0.938   0.930  0.01,0.01,0.01,0.01,0.01
    7  1.000 [1.000, 1.000]  0.990 [0.983, 0.996]         0.553   0.010    0.934   0.922  0.01,0.01,0.01,0.01,0.01
    8  1.000 [1.000, 1.000]  0.993 [0.987, 0.998]         0.535   0.010    0.940   0.927  0.01,0.1,0.1,0.01,0.01
    9  1.000 [1.000, 1.000]  0.994 [0.989, 0.999]         0.535   0.010    0.946   0.940  0.01,0.01,0.01,0.01,0.01
   10  1.000 [1.000, 1.000]  0.995 [0.990, 0.999]         0.540   0.010    0.944   0.938  0.01,0.001,0.01,0.01,0.01
   11  1.000 [1.000, 1.000]  0.996 [0.991, 1.000]         0.545   0.010    0.946   0.938  0.01,0.001,0.01,0.01,0.01
   12  1.000 [1.000, 1.000]  0.998 [0.994, 1.000]         0.535   0.010    0.960   0.945  0.01,0.01,0.01,0.001,0.01
   13  0.999 [0.998, 1.000]  0.999 [0.996, 1.000]         0.537   0.010    0.976   0.968  0.01,0.01,0.01,0.01,0.0001
   14  0.998 [0.995, 1.000]  0.998 [0.994, 1.000]         0.540   0.010    0.995   0.993  0.01,0.1,0.0001,0.1,0.0001
   15  0.999 [0.998, 1.000]  0.999 [0.996, 1.000]         0.539   0.010    0.994   0.988  0.0001,0.0001,0.0001,0.1,0.0001
   16  1.000 [0.998, 1.000]  0.996 [0.993, 1.000]         0.538   0.010    0.988   0.980  0.1,0.0001,0.0001,0.0001,0.0001
   17  1.000 [0.998, 1.000]  0.996 [0.991, 1.000]         0.548   0.010    0.983   0.975  10,0.0001,0.0001,0.0001,0.0001
   18  1.000 [1.000, 1.000]  0.999 [0.996, 1.000]         0.543   0.010    0.981   0.975  0.1,0.0001,1,0.0001,0.0001
   19  1.000 [0.999, 1.000]  0.999 [0.996, 1.000]         0.546   0.010    0.994   0.993  0.0001,0.0001,0.0001,0.0001,0.0001
   20  0.998 [0.995, 1.000]  0.999 [0.996, 1.000]         0.546   0.010    0.995   0.993  0.0001,0.0001,0.1,0.01,0.1
   21  0.999 [0.996, 1.000]  0.999 [0.996, 1.000]         0.544   0.010    0.996   0.995  0.0001,0.0001,0.1,0.0001,0.1
   22  1.000 [0.999, 1.000]  0.999 [0.996, 1.000]         0.543   0.010    0.996   0.995  0.0001,0.0001,0.0001,0.0001,0.0001
   23  1.000 [0.998, 1.000]  0.998 [0.994, 1.000]         0.541   0.010    0.996   0.995  0.1,0.0001,0.0001,0.0001,0.0001
   24  0.999 [0.996, 1.000]  0.998 [0.994, 1.000]         0.542   0.010    0.998   0.998  0.0001,0.01,0.01,0.0001,0.0001
   25  1.000 [1.000, 1.000]  0.998 [0.994, 1.000]         0.532   0.010    0.996   0.995  0.0001,0.0001,0.0001,0.0001,0.0001
   26  1.000 [1.000, 1.000]  0.999 [0.996, 1.000]         0.535   0.010    0.996   0.995  0.0001,0.0001,0.0001,0.0001,0.0001
   27  0.998 [0.995, 1.000]  0.998 [0.994, 1.000]         0.540   0.010    0.996   0.995  0.0001,0.1,0.1,0.0001,0.0001
   28  1.000 [1.000, 1.000]  0.999 [0.996, 1.000]         0.536   0.010    0.999   0.998  0.0001,0.0001,0.0001,0.0001,0.0001

[image]
layer          AUROC [95% CI]            acc [95% CI]  null95 AUROC       p  md5 acc  eo acc  lambda
    1  0.994 [0.989, 0.998]  0.980 [0.970, 0.989]         0.557   0.010    0.809   0.833  0.1,0.1,0.01,0.1,0.1
    2  0.996 [0.992, 0.999]  0.981 [0.971, 0.990]         0.541   0.010    0.819   0.833  0.1,0.1,0.1,0.01,0.1
    3  0.999 [0.997, 1.000]  0.982 [0.974, 0.991]         0.544   0.010    0.856   0.858  0.01,1,0.1,0.1,0.1
    4  0.999 [0.999, 1.000]  0.986 [0.978, 0.994]         0.533   0.010    0.868   0.850  0.01,0.01,0.01,0.01,0.01
    5  1.000 [0.999, 1.000]  0.991 [0.985, 0.996]         0.546   0.010    0.905   0.890  0.01,0.01,0.1,0.01,0.01
    6  1.000 [0.999, 1.000]  0.994 [0.988, 0.999]         0.532   0.010    0.950   0.943  0.01,0.01,0.01,0.01,0.001
    7  1.000 [0.999, 1.000]  0.994 [0.988, 0.999]         0.539   0.010    0.955   0.958  0.001,0.1,1,0.01,0.01
    8  1.000 [0.999, 1.000]  0.995 [0.990, 0.999]         0.534   0.010    0.961   0.958  0.1,0.1,0.001,0.01,0.001
    9  1.000 [1.000, 1.000]  0.995 [0.990, 0.999]         0.541   0.010    0.959   0.960  0.01,0.01,0.001,0.1,0.001
   10  1.000 [0.999, 1.000]  0.994 [0.988, 0.999]         0.546   0.010    0.963   0.975  0.01,0.01,0.001,0.1,0.01
   11  1.000 [1.000, 1.000]  0.994 [0.989, 0.999]         0.539   0.010    0.963   0.953  0.01,0.1,0.001,0.01,0.01
   12  1.000 [1.000, 1.000]  0.999 [0.996, 1.000]         0.531   0.010    0.961   0.963  0.01,0.01,0.01,0.01,0.01
   13  1.000 [1.000, 1.000]  0.998 [0.994, 1.000]         0.534   0.010    0.975   0.985  0.01,0.001,0.001,0.001,0.01
   14  0.998 [0.993, 1.000]  0.999 [0.996, 1.000]         0.540   0.010    0.996   0.995  0.1,0.01,0.0001,0.01,1
   15  0.998 [0.995, 1.000]  0.998 [0.994, 1.000]         0.548   0.010    0.996   0.998  0.1,0.0001,0.0001,0.01,0.01
   16  0.998 [0.994, 1.000]  0.998 [0.994, 1.000]         0.541   0.010    0.996   0.998  1,0.1,0.0001,0.1,0.1
   17  0.998 [0.992, 1.000]  0.998 [0.994, 1.000]         0.537   0.010    0.993   0.993  0.1,0.01,0.0001,0.01,0.1
   18  1.000 [1.000, 1.000]  0.999 [0.996, 1.000]         0.541   0.010    0.993   0.990  0.1,0.0001,1,0.1,0.01
   19  0.998 [0.995, 1.000]  0.998 [0.994, 1.000]         0.544   0.010    0.993   0.990  0.0001,0.0001,0.1,0.1,0.0001
   20  0.996 [0.990, 1.000]  0.998 [0.994, 1.000]         0.540   0.010    0.993   0.990  0.0001,0.1,1,0.1,10
   21  0.996 [0.990, 1.000]  0.998 [0.994, 1.000]         0.547   0.010    0.995   0.995  0.0001,0.1,0.1,0.1,1
   22  0.996 [0.990, 1.000]  0.998 [0.994, 1.000]         0.537   0.010    0.995   0.995  0.0001,0.1,0.1,0.1,0.1
   23  0.999 [0.997, 1.000]  0.998 [0.994, 1.000]         0.536   0.010    0.995   0.995  0.1,10,0.1,0.1,10
   24  0.996 [0.990, 1.000]  0.998 [0.994, 1.000]         0.538   0.010    0.995   0.995  0.0001,0.1,0.1,0.1,0.1
   25  0.996 [0.990, 1.000]  0.998 [0.994, 1.000]         0.540   0.010    0.995   0.995  0.0001,0.1,0.1,0.1,10
   26  0.997 [0.992, 1.000]  0.998 [0.994, 1.000]         0.534   0.010    0.996   0.995  0.0001,10,0.1,0.1,0.0001
   27  0.998 [0.994, 1.000]  0.996 [0.993, 1.000]         0.544   0.010    0.995   0.995  0.01,0.01,0.01,0.0001,0.1
   28  0.999 [0.997, 1.000]  0.998 [0.994, 1.000]         0.539   0.010    0.996   0.998  0.0001,0.0001,0.0001,0.01,0.0001
