LLaVA-1.5-7B  VLSU natural images, one shared prompt: unsafe images (HS+HH, n=398) vs safe images (SS+SH, n=398), near-duplicates removed; last-token states
probe = L2 logistic regression, z-scored features, 5-fold stratified CV, lambda from inner 3-fold CV over [0.0001, 0.001, 0.01, 0.1, 1.0, 10.0]
CI = stratified bootstrap (1000) over out-of-fold scores; null = 20 label shuffles through the same pipeline; p = shuffle p-value
md5 = mean-difference direction + midpoint threshold on the same folds; eo = same on the original even/odd split (old Table 1 number)

[image]
layer          AUROC [95% CI]            acc [95% CI]  null95 AUROC       p  md5 acc  eo acc  lambda
    1  0.896 [0.873, 0.919]  0.822 [0.795, 0.849]         0.539   0.048    0.629   0.628  0.1,1,1,1,1
    2  0.917 [0.896, 0.936]  0.848 [0.823, 0.873]         0.546   0.048    0.709   0.683  1,1,1,1,1
    3  0.905 [0.885, 0.925]  0.829 [0.803, 0.856]         0.528   0.048    0.740   0.676  1,1,1,1,1
    4  0.903 [0.882, 0.923]  0.822 [0.795, 0.849]         0.550   0.048    0.739   0.716  1,1,1,1,1
    5  0.898 [0.875, 0.919]  0.824 [0.798, 0.849]         0.532   0.048    0.712   0.744  1,1,1,1,1
    6  0.900 [0.878, 0.918]  0.829 [0.802, 0.852]         0.534   0.048    0.711   0.766  1,1,1,1,1
    7  0.902 [0.880, 0.924]  0.824 [0.796, 0.851]         0.528   0.048    0.700   0.749  1,1,1,1,1
    8  0.910 [0.890, 0.930]  0.834 [0.808, 0.859]         0.556   0.048    0.721   0.759  1,1,1,1,1
    9  0.918 [0.899, 0.936]  0.845 [0.819, 0.869]         0.533   0.048    0.746   0.766  1,1,1,1,1
   10  0.922 [0.900, 0.939]  0.852 [0.825, 0.877]         0.542   0.048    0.761   0.764  1,1,1,1,1
   11  0.925 [0.906, 0.943]  0.858 [0.833, 0.882]         0.542   0.048    0.770   0.786  1,1,1,1,1
   12  0.927 [0.907, 0.945]  0.868 [0.842, 0.891]         0.546   0.048    0.774   0.794  1,1,1,1,1
   13  0.932 [0.913, 0.949]  0.867 [0.843, 0.889]         0.540   0.048    0.810   0.829  1,1,1,1,1
   14  0.930 [0.911, 0.948]  0.862 [0.838, 0.886]         0.532   0.048    0.822   0.819  1,1,1,1,1
   15  0.918 [0.898, 0.936]  0.856 [0.830, 0.879]         0.513   0.048    0.827   0.822  10,1,1,1,10
   16  0.927 [0.907, 0.944]  0.857 [0.832, 0.879]         0.540   0.048    0.847   0.859  1,1,1,10,10
   17  0.942 [0.926, 0.957]  0.881 [0.859, 0.902]         0.524   0.048    0.857   0.854  1,1,1,1,1
   18  0.936 [0.917, 0.952]  0.869 [0.845, 0.891]         0.539   0.048    0.852   0.849  10,1,1,1,10
   19  0.941 [0.923, 0.956]  0.881 [0.859, 0.902]         0.543   0.048    0.833   0.844  1,1,1,1,1
   20  0.943 [0.928, 0.958]  0.877 [0.855, 0.899]         0.535   0.048    0.830   0.849  1,1,1,1,1
   21  0.944 [0.928, 0.958]  0.882 [0.861, 0.902]         0.534   0.048    0.828   0.847  1,1,1,1,1
   22  0.941 [0.923, 0.955]  0.879 [0.857, 0.902]         0.534   0.048    0.827   0.844  1,1,1,0.1,1
   23  0.944 [0.927, 0.958]  0.881 [0.858, 0.903]         0.540   0.048    0.824   0.842  1,1,1,1,1
   24  0.944 [0.927, 0.959]  0.878 [0.856, 0.899]         0.527   0.048    0.810   0.837  1,1,1,1,1
   25  0.945 [0.928, 0.959]  0.884 [0.862, 0.906]         0.535   0.048    0.814   0.839  1,1,1,1,1
   26  0.936 [0.918, 0.954]  0.879 [0.856, 0.902]         0.528   0.048    0.813   0.837  1,1,0.1,1,1
   27  0.938 [0.920, 0.953]  0.879 [0.856, 0.901]         0.541   0.048    0.810   0.832  1,1,0.1,1,1
   28  0.937 [0.920, 0.953]  0.881 [0.858, 0.903]         0.521   0.048    0.812   0.829  1,1,0.1,1,1
   29  0.929 [0.909, 0.947]  0.879 [0.857, 0.901]         0.549   0.048    0.814   0.832  1,1,0.01,1,1
   30  0.939 [0.921, 0.955]  0.886 [0.864, 0.906]         0.545   0.048    0.819   0.834  1,1,0.1,1,1
   31  0.939 [0.921, 0.956]  0.878 [0.854, 0.899]         0.558   0.048    0.825   0.839  1,1,0.1,1,1
   32  0.947 [0.930, 0.961]  0.881 [0.858, 0.903]         0.533   0.048    0.788   0.829  1,1,1,1,1
