LLaVA-1.5-7B  VLSU natural images, one shared prompt
unsafe images (HS+HH) n=398  vs  safe images (SS+SH) n=398  (dropped: 3 blank images, 1 near-duplicates with CLIP CLS cosine > 0.95; no exact duplicates)
AUROC [95% CI], stratified bootstrap over images

1. CLIP baseline (LLaVA's frozen ViT-L/14-336, 5-fold CV logistic regression)
   CLS embedding              0.951 [0.936, 0.964]   acc 0.897
   layer -2 patch mean        0.932 [0.914, 0.948]   acc 0.868
2. Final-token probe (linear_probe.py --dataset vlsu)
   peak (layer 32)            0.947 [0.930, 0.961]   acc 0.881
   last layer (32)            0.947 [0.930, 0.961]   acc 0.881
   shuffle null 95th pct      0.558 (max over layers)
3. Projection onto text refusal direction v_text (no training)
   best layer (17)           0.870 [0.846, 0.895]
   last layer (32)            0.867 [0.840, 0.892]
   random-direction null      0.767 (95th pct of max(AUROC, 1-AUROC) over 200 random unit directions; max over layers)

Per layer: probe AUROC | projection AUROC | share of unsafe / safe images past the text threshold |
image class gap along v_text as a fraction of the text class gap | mean unsafe / safe image position
(0 = harmless-text mean, 1 = harmful-text mean) | projection random-direction null (95th pct) |
cosine between v_text and the VLSU image class-mean difference (unsafe - safe images)
layer                   probe              projection  unsafe>thr  safe>thr  gap frac  unsafe pos  safe pos  rand null  cos(v_text, v_img)
    1    0.896 [0.873, 0.919]    0.502 [0.461, 0.542]       0.332     0.307     0.001        0.45      0.44      0.624               0.005
    2    0.917 [0.896, 0.936]    0.566 [0.527, 0.604]       0.000     0.000     0.012        0.25      0.24      0.635               0.063
    3    0.905 [0.885, 0.925]    0.493 [0.452, 0.534]       0.000     0.000    -0.001       -0.67     -0.66      0.615              -0.004
    4    0.903 [0.882, 0.923]    0.511 [0.470, 0.550]       0.000     0.000     0.003       -1.75     -1.75      0.631               0.018
    5    0.898 [0.875, 0.919]    0.583 [0.545, 0.623]       0.000     0.000     0.021       -0.97     -0.99      0.621               0.123
    6    0.900 [0.878, 0.918]    0.611 [0.573, 0.651]       0.000     0.000     0.018       -0.61     -0.63      0.633               0.125
    7    0.902 [0.880, 0.924]    0.659 [0.620, 0.694]       0.000     0.000     0.020        0.00     -0.02      0.676               0.171
    8    0.910 [0.890, 0.930]    0.644 [0.606, 0.683]       0.000     0.000     0.015        0.01     -0.00      0.662               0.132
    9    0.918 [0.899, 0.936]    0.722 [0.687, 0.756]       0.000     0.000     0.031        0.09      0.06      0.693               0.212
   10    0.922 [0.900, 0.939]    0.684 [0.644, 0.720]       0.000     0.000     0.016        0.19      0.18      0.701               0.146
   11    0.925 [0.906, 0.943]    0.765 [0.732, 0.797]       0.000     0.000     0.022        0.20      0.18      0.695               0.196
   12    0.927 [0.907, 0.945]    0.760 [0.726, 0.792]       0.000     0.000     0.020        0.17      0.15      0.686               0.195
   13    0.932 [0.913, 0.949]    0.822 [0.792, 0.852]       0.000     0.000     0.029        0.30      0.27      0.717               0.241
   14    0.930 [0.911, 0.948]    0.847 [0.820, 0.873]       0.000     0.000     0.034        0.24      0.21      0.695               0.314
   15    0.918 [0.898, 0.936]    0.858 [0.833, 0.884]       0.000     0.000     0.034        0.20      0.17      0.728               0.289
   16    0.927 [0.907, 0.944]    0.868 [0.843, 0.891]       0.000     0.000     0.054        0.24      0.19      0.739               0.349
   17    0.942 [0.926, 0.957]    0.870 [0.846, 0.895]       0.000     0.000     0.066        0.21      0.14      0.761               0.327
   18    0.936 [0.917, 0.952]    0.849 [0.821, 0.875]       0.000     0.000     0.060        0.19      0.13      0.757               0.290
   19    0.941 [0.923, 0.956]    0.836 [0.809, 0.863]       0.000     0.000     0.058        0.21      0.15      0.753               0.265
   20    0.943 [0.928, 0.958]    0.843 [0.816, 0.868]       0.000     0.000     0.064        0.23      0.16      0.739               0.281
   21    0.944 [0.928, 0.958]    0.829 [0.799, 0.856]       0.000     0.000     0.062        0.21      0.15      0.767               0.265
   22    0.941 [0.923, 0.955]    0.845 [0.816, 0.869]       0.000     0.000     0.068        0.21      0.14      0.739               0.286
   23    0.944 [0.927, 0.958]    0.833 [0.804, 0.861]       0.000     0.000     0.067        0.20      0.13      0.716               0.265
   24    0.944 [0.927, 0.959]    0.834 [0.806, 0.863]       0.000     0.000     0.066        0.19      0.12      0.730               0.247
   25    0.945 [0.928, 0.959]    0.836 [0.809, 0.863]       0.000     0.000     0.065        0.19      0.12      0.714               0.241
   26    0.936 [0.918, 0.954]    0.831 [0.800, 0.859]       0.000     0.000     0.064        0.19      0.13      0.698               0.233
   27    0.938 [0.920, 0.953]    0.844 [0.813, 0.870]       0.000     0.000     0.067        0.18      0.11      0.713               0.241
   28    0.937 [0.920, 0.953]    0.846 [0.819, 0.873]       0.000     0.000     0.070        0.20      0.13      0.719               0.253
   29    0.929 [0.909, 0.947]    0.845 [0.817, 0.871]       0.000     0.000     0.071        0.21      0.14      0.734               0.252
   30    0.939 [0.921, 0.955]    0.845 [0.817, 0.874]       0.000     0.000     0.074        0.23      0.16      0.701               0.251
   31    0.939 [0.921, 0.956]    0.847 [0.820, 0.873]       0.000     0.000     0.079        0.26      0.18      0.716               0.257
   32    0.947 [0.930, 0.961]    0.867 [0.840, 0.892]       0.000     0.000     0.074        0.29      0.22      0.735               0.298
